[PARAMETERS]
WIDTH=219
HEIGHT=219
X_OFFSET=109.752899169922
Z_OFFSET=109.752899169922
MARGIN=10
SCALE_FACTOR=1
DRAWING_SIZE=10

